138
16
111000000000000000000000000000000000000000000000000000000000000000000000000000000000000000000000000000000000000000000000000000000000000111
111000011111111100000000000000000000000000000000000000000000000000000000000000000000000000000000000000000000000000000000000000000000000111
111000011111111100000000000000000000000000000000000000000000000000000011111111111110000000000000000000000000000000000000000000000000000111
111000000000000000000000111111000000000000000000000000000000000000000011111111111110001111111000000000000000000000000000111111111000000111
111000000000000000000000111111000000000000000000000011111111110000000000000000000000001111111000000000000000000000000000111111111000000111
111000000000000000000000000000000000001111111000000011111111110000000000000000000000000000000000000000000000000000000000000000000000011111
111000000000000000000000000000000000001111111000000000000000000000000000000000000000000000000000000000000000000000000000000000000000011111
111111110000000000000000000000000000000000000000000000000000000000000000000000000000000000000000000000000000000000000000111111111000000111
111111110000000000000000000000000000000000000000000000000000000000000000000000000000000000000000000000000000000000000000111111111000000111
111000000000111111111000000000000000000000000000000000000000000000000000000000000000000000000000000000000000000000000000000000000000011111
111000000000111111111000000000000000000000000000000000000000000000000000000000000000000000000000000000000000000000000000000000000111111111
111000000000000000000000001111111110000000000000000000000000000000000000000000000000000000000000000000000000000000000000000001111111111111
111000000000000000000000001111111110000000000000000000000000000000000000000000000000000000000000000000000000000000000000111111111111111111
111000000000000000000000000000000000000000000000000000000000000000000000000000000000000000000000000000000000000000011111111111111111111111
111111111111111111111111111111111111111211112211112221111111122221111111111111122222111111111111111111111111111111111111111111111111111111
111111111111111111111111111111111111111111111111111111111111111111111111111111111111111111111111111111111111111111111111111111111111111111
